
20,41 20,45 22,48 22,50 22,53 22,55 22,58 23,61 23,63 23,66 23,68 23,71 23,74 23,76 23,79 23,83 23,87 23,90 23,92 23,95 23,97 23,100 23,104 23,107 23,111 23,150 23,152 23,155 23,159 23,160 23,162 23,167 23,171 24,174 24,178 24,182 24,188 24,193 24,197 24,201 24,204 24,206 24,209 24,211 24,214 24,215 24,216 24,217 24,220 24,221 24,222 24,223 25,224 25,225 25,227 25,228 25,229 25,231 25,234 25,238 25,241 25,243 25,244 25,245 25,247 25,248 25,249 25,250 25,251 25,252 25,255 25,256 25,257 25,258 25,261 25,262 25,263 27,263 32,263 38,262 49,260 60,260 71,259 80,259 84,257 86,257 88,257 90,257 94,256 97,256 101,256 106,256 108,256 111,256 112,256 113,256 113,254 114,254 115,254 116,254 117,254 117,253 119,253 120,253 120,252 121,252 122,252 123,251 124,251 124,250 125,250 127,250 128,249 129,249 130,249 131,249 132,249 133,249 136,248 138,248 144,248 149,248 155,248 157,248 158,248 160,248 161,248 163,248 166,248 170,248 174,248 175,248 178,248 178,246 179,246 179,247 179,247
18,41 20,41 25,42 33,42 50,44 63,44 82,44 100,44 116,44 130,44 138,44 142,44 145,44 146,44 147,44 148,44 152,44 153,44 154,44 155,44 158,44 164,46 170,47 176,49 179,50 181,50 181,51 182,51 182,53 184,54 184,56 184,57 185,60 185,61 185,63 185,68 185,72 185,76 186,81 186,87 186,91 186,95 186,98 188,104 188,106 189,112 191,117 191,123 192,129 194,132 195,136 195,140 197,143 198,147 199,152 199,154 202,159 202,163 204,168 205,174 205,178 207,181 208,185 208,189 210,192 211,196 211,199 214,202 214,206 215,211 215,213 217,216 218,219 218,221 219,222 219,225 219,227 219,228 219,230 219,231 220,231 220,232 220,234 220,235 220,239 220,240 220,243 220,244 220,245 220,246 218,246 217,247 214,247 212,249 210,249 209,250 207,250 204,251 202,251 197,253 193,253 189,253 186,253 184,253 182,253 181,253 179,253 179,254 178,255 177,255 177,255
224,40 224,39 224,42 225,48 225,54 225,60 225,66 225,74 225,80 227,86 227,90 227,98 228,103 228,107 228,111 228,116 228,120 228,126 228,132 228,138 228,144 228,150 230,154 230,160 231,165 231,169 233,173 233,176 233,178 234,183 234,187 234,191 234,196 236,198 236,203 236,207 237,210 237,212 237,215 238,219 238,222 240,224 240,227 240,228 240,230 240,233 240,234 240,235 241,236 241,238 245,238 253,238 266,238 282,238 301,238 320,238 338,237 352,237 363,237 371,237 377,237 381,237 382,237 382,235 382,234 381,232 375,230 372,227 372,227
224,42 225,42 228,42 229,42 233,42 235,42 238,42 240,42 242,42 243,42 245,42 246,42 247,42 249,42 250,42 251,43 252,43 253,43 254,43 257,43 258,43 260,43 263,43 265,43 268,43 288,44 292,44 295,44 297,45 299,45 300,45 301,45 303,45 304,45 307,45 308,45 310,47 312,47 314,47 317,48 319,48 320,48 322,48 323,48 324,48 325,49 327,49 328,49 330,49 331,50 332,50 333,50 334,50 335,50 336,51 339,51 340,51 341,53 342,53 343,53 345,54 346,54 347,54 348,55 349,55 350,55 351,56 353,56 354,56 355,56 355,57 356,57 357,57 358,58 358,61 358,62 359,63 360,64 360,65 362,66 362,67 362,69 362,70 363,72 363,75 363,76 363,77 364,80 364,82 364,83 365,84 365,87 367,90 367,92 368,95 369,99 369,104 369,106 371,109 371,110 371,111 371,114 372,114 372,116 373,119 373,123 375,127 375,130 376,134 376,137 378,140 378,142 379,145 379,146 379,147 379,148 380,151 382,154 382,156 383,159 383,161 383,164 384,167 384,169 386,172 387,175 387,177 389,182 389,184 390,187 390,193 391,196 391,198 393,203 393,204 393,206 394,209 394,210 394,211 394,214 394,215 395,217 395,218 395,219 395,222 395,223 395,224 395,225 395,226 395,228 395,229 395,230 395,231 395,232 395,233 395,234 394,237 393,240 391,242 390,244 390,245 390,245
82,227 81,227 80,226 79,225 78,223 75,221 74,220 73,219 71,216 70,216 69,214 68,214 67,211 65,210 64,209 64,208 63,205 62,203 60,200 59,197 58,195 56,192 55,191 55,188 55,187 54,186 48,156 48,154 48,151 48,149 48,144 48,142 48,139 48,137 48,132 48,131 48,129 48,128 48,127 48,124 48,122 48,119 49,116 50,112 50,109 51,108 51,106 53,103 54,102 54,101 55,100 55,99 56,97 57,96 58,95 61,93 62,91 65,90 66,89 68,86 69,86 71,85 72,84 73,84 74,83 75,83 78,82 80,80 83,80 84,79 85,79 86,79 88,78 89,78 91,78 95,78 100,78 104,78 110,78 114,78 118,78 121,78 122,78 123,78 124,78 126,78 128,78 131,79 133,79 136,80 137,80 138,81 141,81 142,81 142,82 143,82 144,82 145,82 146,83 149,83 150,84 151,86 154,87 155,90 156,91 159,92 160,93 161,94 163,95 164,97 166,99 167,100 168,103 168,104 169,106 171,109 171,112 172,114 172,117 173,118 173,119 173,122 173,123 173,124 173,126 173,129 173,131 173,134 173,137 173,139 173,142 173,144 173,145 173,148 173,149 173,150 173,151 173,152 173,154 173,156 172,159 170,161 169,163 169,165 169,166 168,167 167,168 167,170 166,172 166,175 165,176 163,178 162,181 161,184 159,186 158,189 157,190 154,193 154,194 153,194 153,195 152,196 151,196 151,197 150,199 148,199 147,200 147,201 146,201 145,202 144,202 144,203 141,203 141,204 140,205 139,205 138,206 137,208 136,208 135,208 135,209 132,209 130,210 128,211 126,211 126,212 124,212 121,212 120,214 119,214 118,214 114,215 111,216 110,219 107,220 104,222 103,222 102,222 101,222 100,222 98,222 97,222 96,222 95,222 93,222 91,222 89,220 86,219 83,216 81,213 81,213
88,92 88,95 86,101 83,106 80,112 78,118 75,125 73,131 70,138 69,144 67,150 64,155 63,159 63,160 64,160 67,159 70,157 72,156 72,156
115,113 113,118 110,124 107,131 103,137 100,146 96,155 95,161 91,168 90,174 86,181 85,183 84,186 82,189 82,190 81,190 81,190
143,132 143,134 142,137 140,141 139,147 136,154 136,160 132,166 131,173 129,179 126,183 125,186 124,190 122,193 121,196 121,197 121,198 120,198 120,198
197,127 198,127 199,127 202,126 203,126 204,125 205,125 206,125 210,125 211,124 214,124 215,124 215,123 215,123
199,139 200,139 201,138 204,137 206,137 209,137 210,136 211,136 212,135 213,135 213,135
214,99 214,101 214,105 217,110 219,114 220,119 222,121 223,124 223,125 223,126 223,129 223,131 223,134 223,138 223,142 223,145 223,148 223,150 221,153 220,154 219,155 219,158 218,159 218,160 217,160 217,161 219,161 219,161
272,50 271,50 270,50 267,53 266,59 263,63 257,74 252,86 246,95 242,107 239,111 239,116 238,118 238,119 237,121 237,122 238,122 238,122
310,64 309,64 307,67 305,70 302,74 300,78 297,89 293,100 289,115 282,134 278,150 272,170 266,182 262,193 256,202 253,209 253,212 252,214 252,214
336,125 336,126 332,133 331,141 327,156 323,170 319,184 317,197 311,212 309,223 305,229 304,234 303,237 303,239 305,238 308,236 308,236
365,173 363,174 360,180 357,185 354,191 353,197 351,202 350,208 350,211 348,213 348,216 345,219 344,221 342,226 340,229 338,231 337,234 337,235 336,235 336,235
