
183,229 182,229 182,230 180,230 179,230 178,230 177,230 175,230 173,230 171,230 170,230 166,230 163,230 159,230 157,230 154,228 151,228 150,227 148,227 147,226 145,226 144,225 142,225 141,225 140,224 138,223 137,221 136,220 134,219 133,219 130,216 126,215 123,214 120,212 119,211 118,210 115,209 114,208 112,205 110,204 108,200 105,197 104,193 102,190 99,187 98,186 97,183 96,182 94,178 94,176 92,174 92,172 90,168 87,165 86,162 86,156 85,153 83,149 83,146 83,142 83,139 83,137 83,133 83,130 83,126 83,120 84,115 84,111 85,107 87,102 87,100 88,97 89,94 91,92 91,89 94,86 94,84 96,81 98,78 110,65 113,63 115,62 118,60 119,58 124,56 126,56 131,55 135,53 140,52 146,52 152,52 156,52 162,50 168,50 172,49 177,49 179,49 182,49 184,49 189,49 195,49 200,49 209,49 215,49 219,49 225,49 228,49 229,51 230,51 234,52 236,53 241,55 245,56 251,58 256,61 260,62 265,64 266,64 267,65 268,67 271,70 272,73 275,76 278,80 281,85 284,88 285,90 287,93 288,93 289,96 289,98 291,101 292,105 292,111 292,115 292,120 292,126 293,130 293,134 293,139 293,141 293,144 293,146 293,151 293,153 293,156 293,158 293,163 292,165 290,168 289,171 288,174 286,175 285,176 285,178 284,179 283,181 282,182 281,184 278,187 275,188 274,193 269,197 268,197 265,199 264,199 263,200 261,202 259,202 256,204 254,205 252,206 247,209 245,209 242,212 239,212 238,213 236,214 233,214 230,217 228,219 227,219 224,221 223,221 222,221 221,222 219,222 219,223 217,223 216,225 213,226 212,226 210,228 207,228 204,230 200,231 197,233 196,233 195,234 194,234 193,234 192,234 190,234 189,234 188,234 186,235 183,235 182,236 181,237 180,237 179,237 177,237 176,237 175,237 174,236 173,236 173,236
83,138 82,138 80,139 79,139 79,141 78,142 77,142 76,143 75,143 75,144 74,145 72,145 72,146 71,147 70,147 69,149 69,150 67,150 67,151 65,152 63,154 63,156 62,156 59,158 58,159 57,162 56,163 55,163 55,164 53,165 52,166 52,168 52,169 51,170 50,171 49,173 49,175 49,176 49,177 48,178 48,180 46,191 46,194 46,195 46,196 46,197 46,198 46,199 46,201 46,202 46,203 47,204 47,205 47,206 47,207 48,209 48,210 48,211 49,211 49,212 49,213 49,214 50,215 50,217 51,217 51,218 51,219 52,219 52,220 53,221 53,222 55,222 55,223 56,223 56,224 57,224 58,224 58,226 59,226 59,227 60,227 61,227 63,227 64,228 65,228 66,228 67,228 68,228 69,228 70,229 72,229 73,229 74,229 75,229 78,230 79,230 80,230 81,230 82,230 83,230 84,230 86,230 87,230 89,230 90,230 91,230 91,231 92,231 95,231 96,231 98,231 100,231 101,231 102,231 103,231 106,230 107,230 108,230 108,229 109,229 110,228 111,228 112,227 115,227 117,227 120,225 121,225 125,224 125,223 126,223 127,223 129,223 129,222 131,222 131,221 132,219 133,219 133,218 133,218
156,57 155,58 154,61 152,63 149,70 144,77 141,83 135,93 129,102 128,108 124,115 123,119 122,124 119,128 116,133 114,137 113,140 111,142 110,145 109,148 109,149 107,151 104,156 101,164 98,169 97,170 97,171 97,170 97,167 100,163 102,160 102,160
210,62 210,65 210,66 210,68 209,70 208,72 207,76 203,83 198,92 194,104 190,115 184,132 178,149 171,166 165,180 161,191 158,198 155,203 153,207 150,211 149,214 149,215 148,216 148,216
265,81 265,82 265,85 265,88 263,92 260,96 259,101 256,107 250,114 247,123 241,135 237,144 232,153 226,168 220,179 214,189 206,201 202,210 199,214 196,221 196,223 195,226 195,227 195,230 195,232 193,237 193,238 192,240 192,239 192,238 192,234 192,234
285,131 285,133 283,138 281,144 278,150 275,157 273,163 270,170 264,177 261,183 258,190 255,194 253,199 250,203 249,206 248,206 248,207 248,209 247,212 244,217 242,221 242,222 241,222 239,222 236,222 236,222
49,187 50,187 53,187 56,187 57,187 58,187 59,187 61,187 62,187 65,187 67,187 72,187 74,187 77,187 78,187 79,187 82,187 84,187 88,187 93,187 94,187 96,187 99,187 100,187 100,187
52,218 54,218 55,217 56,217 58,216 59,216 62,215 65,215 67,213 72,213 78,213 84,213 88,213 90,213 91,213 93,213 94,212 95,212 96,212 97,212 100,211 102,211 105,211 106,211 107,211 108,211 109,210 110,210 112,210 112,210
54,160 55,160 56,160 59,160 60,160 61,160 63,160 65,160 67,160 68,160 69,160 70,160 73,160 74,160 76,160 78,160 79,160 80,160 81,160 82,160 85,160 86,160 88,160 89,161 90,161 90,162 90,162
