
16,48 16,49 16,51 16,52 16,53 16,56 16,58 16,60 16,63 16,66 16,70 16,75 16,77 17,81 17,86 17,88 17,93 17,97 17,101 17,105 19,110 19,116 19,120 19,124 19,129 19,133 19,135 20,140 20,144 20,147 20,151 20,153 20,158 20,162 20,166 20,171 20,177 20,181 20,185 20,198 20,200 20,203 20,207 20,210 20,213 18,217 18,221 18,224 18,226 18,228 18,229 18,230 17,231 17,232 17,233 17,236 17,237 17,239 17,240 17,241 17,243 17,244 17,245 16,246 16,248 16,251 16,255 16,258 16,260 16,263 16,264 16,266 16,268 16,269 16,269
303,52 302,52 302,54 302,56 302,57 302,59 302,64 302,66 302,71 302,75 302,79 302,83 302,89 302,95 302,100 302,106 302,112 302,116 302,122 302,126 301,129 301,135 299,139 299,147 299,151 299,157 299,162 298,166 298,169 298,173 298,176 298,180 298,182 298,187 298,193 298,195 298,199 297,202 297,206 297,211 297,215 297,219 297,222 295,225 295,227 294,230 294,231 294,232 294,235 294,237 294,240 294,241 294,243 294,246 294,247 294,248 294,250 294,251 294,253 294,254 294,255 294,256 294,258 294,260 294,262 294,263 294,266 294,267 294,268 294,268
335,30 335,29 335,27 335,26 335,25 335,24 337,21 337,20 338,19 340,18 341,17 342,17 344,16 346,16 349,14 351,13 354,13 357,13 359,13 360,13 361,13 363,13 364,16 367,17 369,20 372,23 373,24 376,26 376,29 377,30 377,31 377,34 377,36 377,39 377,41 377,46 377,50 374,54 371,59 367,65 365,68 362,73 359,75 356,78 355,79 354,82 351,83 350,83 347,85 344,87 336,90 333,93 333,94 332,94 331,94 331,95 330,95 330,96 329,96 329,98 328,99 328,100 329,101 331,101 336,102 339,104 345,104 353,105 361,105 367,107 373,107 377,107 382,107 383,107 385,107 386,107 388,108 389,108 387,108 387,108
55,104 54,104 55,104 56,104 60,104 66,104 72,106 78,106 84,106 93,107 101,107 109,107 118,109 124,109 128,109 129,109 129,110 128,112 128,112
93,111 92,112 92,115 92,118 91,120 91,126 89,131 89,135 89,139 89,145 89,149 88,156 88,162 88,164 88,168 88,174 86,177 86,185 85,189 83,192 83,195 83,196 83,197 82,197 82,197
46,202 47,202 48,202 52,202 58,203 63,203 73,203 79,205 85,205 93,207 99,207 103,207 108,208 110,208 113,208 115,208 118,209 121,209 123,209 126,211 127,211 128,211 129,211 129,211
143,203 142,203 140,203 140,204 139,205 139,206 139,207 138,210 138,211 138,212 138,214 138,216 138,218 137,218 137,221 137,222 138,223 139,223 139,224 141,224 142,224 144,224 144,223 145,222 145,220 146,219 148,217 148,214 149,211 150,209 152,204 152,202 152,199 153,196 155,194 155,193 155,191 154,191 154,190 152,189 151,188 151,187 150,186 148,186 147,185 146,185 145,185 144,185 143,185 143,186 142,187 141,187 139,187 139,188 139,188
151,145 152,145 155,145 157,145 160,145 164,146 170,146 176,146 182,147 187,147 191,147 195,147 198,147 200,147 202,147 204,147 205,147 206,147 207,147 208,147 207,147 206,147 206,149 206,149
226,111 229,111 230,111 234,111 238,111 244,111 248,111 254,111 259,111 265,111 269,111 273,111 276,112 278,112 280,112 280,112
261,114 261,117 261,119 261,125 261,129 261,135 259,140 259,144 259,148 259,153 259,157 259,161 259,165 259,170 259,176 259,182 259,188 259,192 259,198 259,202 259,205 259,209 259,210 259,212 259,215 259,218 259,219 259,220 258,221 258,222 257,222 254,222 253,222 253,222
231,224 234,224 236,224 239,224 242,226 244,226 247,226 249,226 253,226 258,226 260,226 263,226 264,226 264,226
277,216 277,217 278,219 278,222 278,226 279,230 279,236 279,241 279,245 279,247 279,252 279,253 279,254 279,255 279,255
