
27,73 27,74 27,76 27,77 27,80 27,81 27,82 27,86 27,87 27,90 27,92 27,95 27,99 27,101 27,104 27,108 26,109 26,112 26,116 26,119 26,121 24,126 24,128 24,132 24,135 24,139 24,142 24,144 24,147 24,148 23,151 23,153 23,156 23,158 23,159 23,162 23,164 23,166 23,168 23,171 22,173 22,176 22,177 22,179 22,181 22,183 22,184 22,185 22,186 22,187 22,189 22,190 22,191 22,192 22,193 21,193 21,194 21,194
53,98 53,96 54,96 55,96 58,96 60,96 63,96 65,96 67,96 68,96 70,96 73,96 74,96 78,96 79,96 81,96 82,96 83,96 83,96
67,99 67,98 67,99 67,100 67,101 67,102 67,103 67,106 67,108 67,111 67,112 67,116 67,117 67,118 67,122 67,123 67,124 69,127 69,129 69,130 70,134 70,137 70,138 70,139 70,140 70,141 70,142 70,144 70,145 70,146 71,147 71,148 71,149 71,150 71,151 71,153 71,155 72,155 72,157 72,159 72,160 72,161 72,162 72,163 72,164 72,165 72,167 72,168 72,169 72,172 72,174 72,175 72,176 72,177 72,178 72,179 72,179
58,180 59,180 61,180 62,180 64,180 65,180 67,180 68,182 70,182 71,182 72,183 74,183 75,183 75,184 76,184 77,184 78,184 79,184 79,185 80,185 81,185 83,185 84,185 84,185
113,166 113,165 112,165 111,165 110,165 109,165 108,165 106,165 106,166 105,166 105,167 104,167 103,167 103,168 103,169 102,169 101,172 100,172 100,173 98,175 97,177 97,178 96,178 96,179 96,180 96,181 96,182 96,183 95,185 95,187 95,188 95,189 96,189 97,189 98,189 100,189 101,189 102,189 103,188 104,188 104,187 107,186 107,184 108,182 109,182 110,179 111,178 113,177 113,176 114,176 114,175 115,175 115,174 115,173 115,171 116,170 116,169 116,168 116,167 116,166 116,165 116,162 115,162 115,162
133,139 134,139 136,139 137,138 140,138 142,138 145,138 147,138 150,138 152,138 155,138 159,138 164,138 166,138 170,138 173,138 174,138 175,138 175,138
207,97 208,97 209,97 210,97 213,97 215,97 218,97 220,97 224,97 227,97 231,97 234,97 236,97 239,98 242,98 243,98 244,98 245,98 245,98
222,100 222,101 222,102 222,103 222,106 222,107 222,109 220,112 220,113 220,116 220,117 220,119 220,122 220,124 220,127 219,130 219,132 219,137 219,139 219,142 218,146 218,149 218,153 218,154 216,157 216,159 216,160 216,161 215,162 215,165 215,166 215,168 215,170 215,171 215,172 215,173 215,174 215,175 215,176 215,178 215,179 215,180 215,181 215,182 215,183 215,184 215,184
185,195 185,194 186,194 187,194 188,194 191,194 192,194 194,194 196,194 198,193 199,193 202,193 204,193 205,193 208,193 209,193 211,193 214,193 216,193 218,193 219,193 220,193 221,193 223,193 225,193 226,193 227,193 228,193 229,193 229,193
253,178 253,177 253,178 253,179 253,180 253,181 253,183 253,184 253,185 253,186 254,188 254,191 255,192 255,193 255,194 255,196 256,197 256,198 256,199 256,200 256,201 256,201
298,78 298,79 298,80 298,83 298,84 299,85 299,87 299,90 299,91 299,94 301,96 301,99 301,103 301,107 302,110 302,113 302,117 303,121 303,124 303,128 305,131 305,135 305,139 305,142 305,146 305,149 305,151 305,154 305,157 305,159 305,162 305,164 305,167 305,169 305,174 305,176 305,177 306,180 306,182 306,187 306,188 306,190 306,193 306,194 306,196 306,197 306,199 306,200 306,201 306,202 307,202 307,202
306,31 306,30 306,29 306,28 308,28 309,27 310,27 311,26 311,24 312,24 313,24 314,23 315,23 318,22 319,22 320,22 321,22 323,22 324,22 325,22 326,22 327,22 328,23 328,24 329,24 329,26 331,27 331,28 332,29 332,30 333,31 334,31 334,34 335,35 336,37 336,38 337,40 337,41 337,42 337,43 337,44 337,47 337,49 337,50 337,53 336,56 336,57 335,58 333,60 332,60 332,63 331,64 331,65 330,66 329,67 328,68 328,70 327,71 325,72 324,73 323,73 322,74 321,75 320,75 319,76 316,78 313,79 311,80 310,82 308,82 308,83 307,83 306,84 305,85 304,86 305,86 306,87 307,87 310,87 312,87 317,87 321,87 324,89 330,89 334,89 338,89 341,90 342,90 344,90 346,90 348,90 349,90 350,90 350,91 350,92 350,92
