
81,241 80,241 79,241 78,241 77,241 74,241 72,241 70,241 68,240 65,239 63,239 60,236 57,236 56,235 55,235 54,234 53,234 52,234 52,233 50,232 49,232 47,229 47,228 44,227 44,226 44,224 43,223 42,222 42,221 41,221 40,220 38,216 38,213 37,209 35,205 34,199 32,194 32,190 31,186 31,183 30,180 30,178 30,177 30,174 30,173 30,172 30,169 30,168 30,166 30,163 31,162 31,158 32,155 34,153 35,150 38,146 41,143 42,140 44,137 45,136 46,134 47,132 48,131 49,130 52,129 53,129 54,128 57,127 59,127 62,125 65,122 67,122 70,121 75,119 77,119 82,118 84,118 87,117 89,117 92,117 93,117 95,117 111,120 114,121 115,122 116,123 117,124 120,126 123,127 125,128 127,131 128,132 129,133 130,136 131,137 133,140 134,141 135,142 136,144 137,145 137,148 139,151 140,153 140,156 141,159 141,161 141,164 141,165 141,167 141,168 141,171 141,172 141,174 141,177 141,180 141,181 141,183 141,184 141,185 141,187 141,188 141,189 141,190 141,191 140,194 140,196 139,201 137,202 136,204 135,207 134,208 134,209 131,212 130,212 129,214 126,216 125,218 122,220 121,222 118,225 116,228 113,231 111,235 110,235 110,236 109,237 108,237 106,237 105,237 104,238 102,239 99,242 97,245 93,246 92,249 89,251 89,252 88,252 87,252 86,252 83,250 82,249 81,247 81,247
81,137 80,137 79,138 78,139 76,143 73,146 70,152 65,157 60,162 57,166 54,171 52,172 52,173 52,173
106,156 105,156 103,157 101,159 99,161 96,164 92,169 89,173 84,176 82,179 79,184 76,188 73,191 70,194 70,195 70,195
134,178 132,181 131,183 129,188 126,191 123,194 122,196 119,199 118,200 115,203 111,206 108,210 105,212 102,215 101,216 100,217 100,218 99,218 98,218 94,224 91,227 86,231 83,234 83,235 87,232 87,232
173,166 173,165 174,165 176,165 177,165 179,165 182,165 184,165 187,165 188,165 189,165 190,165 191,165 194,165 195,165 196,165 197,165 200,165 201,165 201,165
183,139 184,139 185,139 186,140 187,140 189,141 190,144 194,147 199,150 203,153 206,155 209,158 210,159 210,161 210,162 210,163 210,164 210,166 209,169 207,173 204,176 203,179 200,180 200,182 199,182 199,182
292,248 291,248 290,248 287,248 286,249 282,249 281,249 280,250 279,250 279,250
253,231 253,230 253,229 252,228 250,227 249,225 249,223 248,222 247,222 247,221 247,221
234,194 234,193 234,192 234,189 234,188 234,184 234,182 236,179 236,178 236,177 236,176 237,175 237,173 237,172 238,171 239,171 239,171
243,155 243,154 244,153 245,152 246,151 246,149 247,148 248,147 250,145 252,143 255,140 256,140 257,139 258,138 258,138
302,119 303,119 304,119 305,119 308,119 310,119 313,119 315,119 318,119 319,119 319,119
355,154 356,154 357,155 358,156 358,157 361,160 361,161 361,162 362,162 362,163 363,164 363,165 363,167 364,168 364,168
367,202 367,203 367,204 367,205 366,206 366,207 366,210 364,211 363,213 363,215 362,216 361,217 360,217 360,219 359,220 358,220 358,222 358,222
345,234 344,235 343,235 341,237 340,238 339,238 338,239 337,239 334,240 333,240 332,241 332,241
319,249 318,249 317,249 316,249 316,249
