
33,50 33,51 33,52 33,53 33,54 33,56 33,59 33,62 33,63 33,65 33,68 32,70 32,73 32,76 31,77 31,79 31,82 31,84 31,87 31,89 31,91 31,94 30,97 30,98 30,101 30,103 30,104 30,107 30,108 30,110 30,113 30,115 30,118 30,121 30,123 30,126 30,128 30,133 31,135 31,138 31,141 33,143 33,148 33,150 34,153 34,157 34,160 36,162 37,167 37,168 38,170 40,173 40,174 40,177 40,178 40,180 40,183 40,184 40,186 40,189 40,190 40,191 40,194 40,196 40,200 40,202 40,204 40,205 40,208 40,210 40,213 40,215 40,218 40,220 40,222 40,224 40,225 41,225 41,226 41,227 41,228 41,230 42,231 42,233 42,235 42,237 42,238 42,239 42,240 42,241 42,239 42,239
60,80 61,80 62,80 66,79 69,79 73,79 77,79 82,77 86,77 90,77 91,76 93,76 95,76 96,76 97,76 97,76
88,77 87,77 87,78 86,80 84,83 84,85 83,90 83,94 83,98 83,104 81,109 80,111 80,116 80,120 79,123 79,127 79,131 79,134 79,140 77,142 77,147 77,151 77,155 77,160 77,164 77,168 77,172 77,175 77,178 77,180 78,183 78,185 79,188 79,189 79,192 79,193 79,194 79,195 79,196 79,196
68,196 69,196 71,196 72,196 73,196 75,196 76,196 78,196 79,196 80,196 81,196 83,196 85,196 86,196 86,195 87,195 87,195
111,182 110,182 109,181 108,181 107,181 106,181 105,181 103,181 102,181 102,182 101,182 100,183 100,184 100,185 99,185 99,187 99,188 99,189 99,190 98,191 98,192 98,193 98,195 98,196 98,197 98,198 98,199 98,200 98,201 98,203 98,204 98,205 98,206 99,206 99,207 100,208 101,208 101,209 102,209 104,209 105,209 106,209 107,207 108,207 108,204 109,203 111,202 111,200 111,199 112,197 112,196 112,194 112,193 112,192 112,189 112,188 112,187 112,186 112,185 110,185 110,184 109,184 109,182 108,182 107,182 106,181 103,181 102,181 102,181
138,130 139,130 140,130 143,130 145,131 154,133 159,133 167,133 173,133 176,133 177,133 178,133 179,133 178,133 177,133 177,133
229,82 233,82 236,82 239,81 241,81 244,81 245,81 247,81 248,81 251,81 253,81 255,81 256,81 257,81 257,81
248,85 246,87 246,90 246,94 246,98 246,104 246,109 246,117 245,121 245,127 245,131 245,137 245,141 245,147 245,152 245,158 247,162 247,168 248,174 250,179 251,185 253,191 254,194 256,198 256,202 257,204 257,206 258,207 258,208 258,209 258,209
244,205 245,205 247,205 248,205 249,205 251,203 252,203 255,202 256,202 257,201 258,201 258,200 260,200 261,200 261,199 262,199 263,199 264,199 265,199 266,199 266,198 268,198 268,198
288,170 287,172 287,174 287,175 286,179 286,183 286,188 286,192 285,196 285,199 285,201 285,204 285,205 285,206 285,207 285,208 285,210 285,209 285,206 285,206
315,48 314,48 314,49 313,50 312,51 312,52 312,55 310,58 309,62 309,65 309,67 307,72 307,76 306,79 306,81 306,84 304,88 304,94 304,97 304,103 304,107 304,111 304,115 304,120 304,124 304,130 304,142 304,144 304,150 304,156 304,161 304,167 304,169 305,174 306,176 306,182 306,187 306,191 306,197 306,201 306,207 306,211 306,214 306,217 306,221 306,225 306,228 306,230 306,234 306,237 306,238 306,239 306,238 307,237 307,234 307,230 307,226 307,226
329,28 330,27 332,26 334,25 335,25 338,24 339,23 340,23 341,23 342,22 343,22 345,22 346,22 347,22 347,23 349,25 349,28 351,31 351,33 351,36 351,38 351,43 351,45 350,48 350,50 349,57 347,61 344,65 342,68 340,73 339,75 336,78 334,81 333,82 331,85 330,86 328,87 327,88 326,89 325,90 325,92 328,92 332,92 333,93 337,93 338,93 342,93 348,93 350,93 353,93 356,93 357,93 357,94 357,95 357,95
